,PlayerName,PlayerScoreActual,PlayerScoreProjected,PlayerRosterSlot,PlayerFantasyTeam
0,Najee Harris,10.600000000000001,16.466495169999998,2,1
1,Dalvin Cook,13.8,16.794134938,2,1
2,A.J. Brown,25.5,14.401351641,4,1
3,Diontae Johnson,12.5,14.686889839299997,4,1
4,DK Metcalf,8.6,13.102843390000002,23,1
5,Darnell Mooney,1.8,11.6160218854,20,1
6,T.J. Hockenson,7.800000000000001,10.373854787,6,1
7,Dak Prescott,5.94,21.836620590200003,0,1
8,AJ Dillon,20.1,10.640435424000001,20,1
9,Christian Kirk,17.700000000000003,12.811347181,20,1
10,James Robinson,19.900000000000002,8.573108459,20,1
11,Buccaneers D/ST,12.0,7.700195347000001,16,1
12,Melvin Gordon III,7.200000000000001,8.985182315,20,1
13,Marquez Valdes-Scantling,8.100000000000001,10.282755473600002,20,1
14,Robbie Gould,4.0,7.646362923000001,17,1
15,Marvin Jones Jr.,7.800000000000001,10.083984437,20,1
16,Alvin Kamara,7.6000000000000005,18.761314260000002,2,2
17,Deebo Samuel,12.6,16.525819874000007,4,2
18,Travis Kelce,26.1,14.2558226897,6,2
19,Patrick Mahomes,38.8,26.0406872309,0,2
20,Michael Thomas,22.7,13.118104198000001,4,2
21,Brandin Cooks,15.200000000000001,13.674401764699999,23,2
22,Antonio Gibson,20.0,15.530366804000003,2,2
23,Devin Singletary,8.200000000000001,10.766016380000002,20,2
24,Packers D/ST,1.7000000000000002,7.7316393385,16,2
25,Kadarius Toney,2.3000000000000003,12.1661367907,20,2
26,Jakobi Meyers,10.2,10.639663490000002,20,2
27,Russell Gage,3.3,10.04921105,20,2
28,Michael Gallup,0.0,0.0,20,2
29,Tyler Bass,8.0,7.5386721979999995,17,2
30,Cole Kmet,0.0,7.8933812460000015,20,2
31,Alexander Mattison,3.6,4.336854058300002,20,2
32,Joe Mixon,21.5,17.327410105,2,3
33,Stefon Diggs,26.200000000000003,16.66912022,4,3
34,Mike Evans,18.1,14.764756044,4,3
35,Michael Pittman Jr.,27.1,14.880048386800002,23,3
36,Allen Robinson II,2.2,12.863407318000002,20,3
37,Tony Pollard,4.2,10.654348509,2,3
38,Chris Godwin,6.5,10.3763030585,20,3
39,Amari Cooper,4.7,11.615953971000003,20,3
40,Jalen Hurts,27.33,25.479947534700003,0,3
41,Zach Ertz,11.4,10.041664606,6,3
42,Rondale Moore,0.0,0.0,20,3
43,Hunter Henry,4.0,9.111719087,20,3
44,Browns D/ST,10.45,9.959228861,16,3
45,Harrison Butker,9.0,8.276927342,17,3
46,Tyler Allgeier,0.0,0.0,20,3
47,Romeo Doubs,8.8,9.789297511799997,20,3
48,Austin Ekeler,11.2,19.647828638,2,4
49,CeeDee Lamb,4.9,16.9754649471,4,4
50,Mark Andrews,10.2,14.404884836999997,6,4
51,Terry McLaurin,13.8,14.240154827,4,4
52,Tee Higgins,4.7,14.615295036,23,4
53,Travis Etienne Jr.,8.5,13.579088837,2,4
54,JuJu Smith-Schuster,11.9,12.446759796,20,4
55,Miles Sanders,18.5,12.867221885000001,20,4
56,Cordarrelle Patterson,22.6,11.065147166999996,20,4
57,Joe Burrow,21.93,20.9756764879,0,4
58,Chris Olave,9.100000000000001,9.553027164000001,20,4
59,Nyheim Hines,11.4,8.265632406,20,4
60,Michael Carter,17.0,12.845579399000002,20,4
61,Brandon McManus,10.0,8.115495853,17,4
62,Irv Smith Jr.,0.0,9.019799097,20,4
63,Broncos D/ST,11.55,9.256322546500002,16,4
64,Cooper Kupp,31.8,19.719311634,4,8
65,James Conner,16.5,17.026009493999997,2,8
66,Saquon Barkley,33.400000000000006,15.938104077000002,2,8
67,Justin Herbert,26.310000000000002,23.816908494800003,0,8
68,Ezekiel Elliott,5.9,13.295895289,23,8
69,Marquise Brown,14.3,14.484610588999999,4,8
70,Dalton Schultz,13.2,11.733273136000001,6,8
71,Kareem Hunt,23.0,12.016837578,20,8
72,Allen Lazard,0.0,0.0,20,8
73,Brandon Aiyuk,6.7,10.7227744871,20,8
74,James Cook,-1.8,6.3417305530000005,20,8
75,49ers D/ST,8.1,11.142740905500002,16,8
76,Raheem Mostert,4.2,8.558943423499999,20,8
77,Skyy Moore,4.0,5.432519709,20,8
78,Joshua Palmer,3.9,9.539758484000002,20,8
79,Nick Folk,1.0,8.315815726,17,8
80,Derrick Henry,8.200000000000001,18.006549992,2,10
81,Keenan Allen,10.600000000000001,14.030698852,4,10
82,Cam Akers,0.0,12.385036565000002,2,10
83,Darren Waller,11.9,11.926682282,6,10
84,Courtland Sutton,11.2,12.823424368,4,10
85,Gabe Davis,18.8,12.307228505000001,20,10
86,Matthew Stafford,10.49,19.991103315700002,0,10
87,DeVonta Smith,0.0,12.153824261,23,10
88,Bills D/ST,17.0,7.7311581325,16,10
89,Elijah Moore,9.9,12.789604038,20,10
90,Chase Edmonds,10.5,10.660446487000002,20,10
91,Tyler Boyd,13.3,8.4206741333,20,10
92,Evan McPherson,7.0,8.961430993,17,10
93,J.D. McKissic,7.8,10.067308273,20,10
94,Treylon Burks,8.5,7.9544097892,20,10
95,Noah Fant,4.6,8.763541673,20,10
96,Christian McCaffrey,15.700000000000001,21.008431231,2,11
97,Tyreek Hill,18.0,15.8546804591,4,11
98,Aaron Jones,10.600000000000001,15.724432983000002,2,11
99,Lamar Jackson,23.52,23.8100112862,0,11
100,George Kittle,0.0,0.0,20,11
101,Adam Thielen,6.6,12.883967982000001,4,11
102,Aaron Rodgers,5.87,22.728873104399998,20,11
103,Tyler Lockett,5.800000000000001,12.195920424899999,23,11
104,Saints D/ST,6.0,11.314690543000001,16,11
105,Damien Harris,7.800000000000001,10.989833769199999,20,11
106,Rashaad Penny,8.7,13.206564217,20,11
107,Justin Tucker,6.0,8.413560975000001,17,11
108,Dawson Knox,1.5,9.356442337999997,6,11
109,Kenny Golladay,4.2,9.263241163000002,20,11
110,DJ Chark,15.2,9.430097799,20,11
111,Commanders D/ST,7.2,9.2086032125,20,11
112,Ja'Marr Chase,28.9,16.9531600128,4,12
113,D'Andre Swift,26.5,16.060111006,2,12
114,DJ Moore,8.0,14.4837057683,4,12
115,Josh Allen,35.71000000000001,25.7251157703,0,12
116,Breece Hall,10.100000000000001,10.275893836,20,12
117,J.K. Dobbins,0.0,0.0,20,12
118,Elijah Mitchell,4.1000000000000005,15.247816424,2,12
119,Dallas Goedert,9.0,10.054458429,6,12
120,Drake London,12.4,11.661052762,20,12
121,DeAndre Hopkins,0.0,0.0,20,12
122,Dameon Pierce,4.9,10.968019131,23,12
123,Garrett Wilson,9.2,8.433090644299998,20,12
124,Ravens D/ST,11.0,8.827049746499998,16,12
125,DeVante Parker,1.9,9.454164494,20,12
126,Jahan Dotson,18.0,9.408559815,20,12
127,Daniel Carlson,9.0,7.854686973,17,12
128,Justin Jefferson,39.400000000000006,17.888592396990003,4,13
129,Davante Adams,30.1,17.316902810000002,4,13
130,Nick Chubb,15.3,13.892515203000002,2,13
131,Kyle Pitts,3.9000000000000004,11.862873763000001,6,13
132,David Montgomery,8.0,14.489733731,2,13
133,Josh Jacobs,8.3,12.869648775000002,20,13
134,Amon-Ra St. Brown,20.4,13.133951778300002,23,13
135,Russell Wilson,22.490000000000002,21.9947875537,0,13
136,Clyde Edwards-Helaire,22.4,11.601408653,20,13
137,Robert Woods,2.3,11.468235445100003,20,13
138,Chase Claypool,9.4,11.6745653426,20,13
139,Matt Gay,6.0,8.866561256,17,13
140,Colts D/ST,8.0,10.376173558,16,13
141,Jarvis Landry,18.4,8.873398702200003,20,13
142,Julio Jones,11.600000000000001,9.821115806,20,13
143,Chuba Hubbard,0.30000000000000004,2.296907181,20,13
144,Jonathan Taylor,27.5,21.857801825,2,14
145,Leonard Fournette,15.700000000000001,17.176458817,2,14
146,Javonte Williams,19.8,15.293607055,23,14
147,Kyler Murray,22.770000000000003,23.6160896403,0,14
148,Mike Williams,3.0,13.853313776,4,14
149,Jaylen Waddle,17.700000000000003,13.5036992796,4,14
150,Jerry Jeudy,20.200000000000003,13.451870901800001,20,14
151,Hunter Renfrow,5.1,12.614997328,20,14
152,Rashod Bateman,13.9,12.202275118,20,14
153,Tom Brady,12.680000000000001,22.4589178167,20,14
154,Rhamondre Stevenson,4.7,11.290503214,20,14
155,Mike Gesicki,1.1,8.574940828,20,14
156,Pat Freiermuth,12.5,9.453498652000002,6,14
157,Trey Lance,11.73,19.60575447,20,14
158,Cowboys D/ST,7.85,6.9731302555,16,14
159,Matt Prater,1.0,8.116961156,17,14
